PASS 1
              1  1                                2  
  3  3    4      1  1            5  5  5                2  
  3  3    4      1  1    6        5  5  5      7  7  7      2  
3  3  3  3  3      1  1    6    8    5    5          7      2  
  3  3    3      1  1    6    8    5  5  5      9  7  7      2  
  3  3  3  3      1  1    6    8    5  5  5      7  9  7        
3  3  3    3      1  1    6    8    5  5  5      7            
  3  3    3      1  1    6    8    5  5  5      7    10     11 
  3  3    3      1  1    6    8    5  5  5      7    10     11 
  3  3    3      1  1    6    8  8  5  5  5      7  7  7      11 
3                          8                    11 11 
  3  3    12 12 12 12 12           8  8  8    13   14   11     
  3  3    12 12 12 12 12           8  8  8      13 13   11   15 
  3  3    12 12 12 12 12           8  8  8          11     15 
  3  3    12     12 12   16   17   8  8  8      18     11 11 11 
              12 12   16                           11 
  19 19   20     12 12     16     21 21 21               11 
  19 19   20     12 12   16   16   21 21 21     22 22 22   11 11 
  19 19 19 19     12 12   16   16   21   21       22 22     11 
  19 19   19 19 12 12 12   16   16 16 16 21 21     22 22 22       

EQARY of pass 1
Index of Array / Value
1 1
2 2
3 3
4 3
5 5
6 6
7 7
8 8
9 7
10 7
11 11
12 12
13 11
14 13
15 11
16 16
17 17
18 18
19 12
20 19
21 16
22 22

PASS 2
              1  1                                2  
  3  3    3      1  1            5  5  5                2  
  3  3    3      1  1    6        5  5  5      7  7  7      2  
3  3  3  3  3      1  1    6    5    5    5          7      2  
  3  3    3      1  1    6    5    5  5  5      7  7  7      2  
  3  3  3  3      1  1    6    5    5  5  5      7  7  7        
3  3  3    3      1  1    6    5    5  5  5      7            
  3  3    3      1  1    6    5    5  5  5      7    7      11 
  3  3    3      1  1    6    5    5  5  5      7    7      11 
  3  3    3      1  1    6    5  5  5  5  5      7  7  7      11 
3                          8                    11 11 
  3  3    12 12 12 12 12           8  8  8    13   13   11     
  3  3    12 12 12 12 12           8  8  8      13 13   11   11 
  3  3    12 12 12 12 12           8  8  8          11     11 
  3  3    12     12 12   16   17   8  8  8      18     11 11 11 
              12 12   16                           11 
  12 12   12     12 12     16     16 16 16               11 
  12 12   12     12 12   16   16   16 16 21     22 22 22   11 11 
  12 12 12 12     12 12   16   16   16   21       22 22     11 
  19 19   12 12 12 12 12   16   16 16 16 21 21     22 22 22       

EQAry of pass 2
Index of Array / Value
1 1
2 2
3 3
4 3
5 5
6 6
7 7
8 5
9 7
10 7
11 11
12 12
13 11
14 13
15 11
16 16
17 17
18 18
19 12
20 12
21 16
22 22

EQARY AFTER MANAGE EQARY
Index of Array / Value
1 1
2 2
3 3
4 3
5 4
6 5
7 6
8 4
9 6
10 6
11 7
12 8
13 7
14 7
15 7
16 9
17 10
18 11
19 8
20 8
21 9
22 12

PASS 3
              1  1                                2  
  3  3    3      1  1            4  4  4                2  
  3  3    3      1  1    5        4  4  4      6  6  6      2  
3  3  3  3  3      1  1    5    4    4    4          6      2  
  3  3    3      1  1    5    4    4  4  4      6  6  6      2  
  3  3  3  3      1  1    5    4    4  4  4      6  6  6        
3  3  3    3      1  1    5    4    4  4  4      6            
  3  3    3      1  1    5    4    4  4  4      6    6      7  
  3  3    3      1  1    5    4    4  4  4      6    6      7  
  3  3    3      1  1    5    4  4  4  4  4      6  6  6      7  
3                          4                    7  7  
  3  3    8  8  8  8  8            4  4  4    7    7    7      
  3  3    8  8  8  8  8            4  4  4      7  7    7    7  
  3  3    8  8  8  8  8            4  4  4          7      7  
  3  3    8      8  8    9    10   4  4  4      11     7  7  7  
              8  8    9                            7  
  8  8    8      8  8      9      9  9  9                7  
  8  8    8      8  8    9    9    9  9  9      12 12 12   7  7  
  8  8  8  8      8  8    9    9    9    9        12 12     7  
  8  8    8  8  8  8  8    9    9  9  9  9  9      12 12 12       

EQARY of pass 3
Index of Array / Value
1 1
2 2
3 3
4 3
5 4
6 5
7 6
8 4
9 6
10 6
11 7
12 8
13 7
14 7
15 7
16 9
17 10
18 11
19 8
20 8
21 9
22 12
